00007
00008
00014
00015
00019
00020
00022
00023
00025
00026
00027
00030
00033
00035
00038
00039
00043
00044
00048
00050
00060
00063
00064
00069
00071
00075
00076
00077
00079
00085
00090
00094
00095
00096
00097
00098
00107
00109
00111
00112
00114
00115
00117
00118
00121
00126
00127
00129
00133
00134
00135
00138
00139
00144
00146
00147
00148
00154
00158
00164
00165
00167
00169
00173
00175
00178
00181
00182
00183
00184
00186
00188
00192
00193
00206
00208
00210
00211
00213
00215
00216
00218
00220
00221
00222
00223
00225
00227
00230
00233
00234
00235
00236
00237
00238
00240
00242
00245
00247
00248
00249
00251
00252
00253
00254
00257
00259
00266
00267
00272
00276
00278
00284
00285
00286
00287
00293
00294
00295
00296
00298
00299
00304
00307
00310
00311
00312
00313
00314
00317
00321
00323
00325
00328
00331
00332
00334
00335
00338
00341
00344
00345
00350
00353
00357
00359
00360
00362
00363
00365
00366
00367
00369
00376
00383
00385
00388
00389
00390
00392
00396
00398
00400
00403
00409
00410
00411
00412
00416
00417
00418
00420
00421
00422
00423
00424
00426
00427
00428
00431
00432
00433
00438
00439
00441
00443
00445
00446
00449
00450
00451
00452
00453
00454
00456
00458
00460
00461
00462
00463
00464
00466
00469
00470
00471
00480
00482
00485
00487
00488
00493
00495
00497
00502
00503
00504
00505
00510
00511
00512
00513
00515
00519
00523
00528
00530
00536
00537
00541
00544
00549
00553
00556
00558
00559
00560
00561
00567
00568
00569
00570
00580
00583
00584
00585
00589
00592
00593
00594
00595
00596
00597
00599
00600
00603
00604
00606
00608
00610
00612
00614
00617
00621
00622
00624
00625
00626
00627
00628
00632
00633
00634
00639
00641
00644
00646
00648
00649
00650
00651
00658
00662
00665
00671
00676
00677
00678
00680
00682
00685
00686
00687
00688
00689
00692
00693
00696
00697
00698
00699
00700
00702
00703
00708
00709
00711
00712
00713
00715
00719
00720
00722
00725
00727
00728
00729
00731
00740
00742
00747
00749
00752
00756
00757
00759
00760
00761
00763
00765
00767
00768
00769
00774
00775
00777
00778
00779
00782
00783
00785
00789
00790
00792
00794
00795
00796
00797
00798
00799
00800
00801
00802
00806
00808
00809
00812
00818
00820
00823
00824
00825
00827
00828
00831
00832
00833
00834
00836
00838
00841
00843
00844
00845
00846
00847
00849
00850
00854
00855
00856
00862
00864
00865
00867
00868
00869
00870
00874
00876
00877
00880
00881
00882
00883
00885
00888
00890
00894
00895
00898
